2.2284
1.94985
0.83565
1.1142
1.1142
1.6713
1.94985
2.2284
1.6713
1.39275
1.39275
0.5571
0.83565
1.39275
1.94985
2.2284
2.78551
1.94985
1.94985
1.39275
1.39275
1.94985
1.94985
2.50696
2.50696
1.6713
1.1142
1.39275
1.6713
1.94985
2.2284
2.50696
1.94985
1.6713
2.2284
2.50696
2.78551
2.2284
1.6713
1.6713
2.50696
2.2284
2.50696
2.50696
2.50696
2.78551
2.50696
2.78551
2.2284
2.2284
2.78551
2.2284
2.78551
2.50696
2.78551
2.50696
2.2284
2.78551
2.2284
2.78551
3.06406
2.50696
2.50696
2.2284
2.50696
3.06406
2.50696
2.50696
2.2284
2.50696
3.34261
1.6713
3.34261
2.50696
2.2284
3.62116
2.78551
3.06406
3.06406
2.50696
2.78551
3.06406
3.06406
3.06406
2.50696
3.06406
2.50696
3.06406
2.78551
2.78551
2.78551
2.78551
2.78551
3.06406
3.06406
3.34261
3.34261
3.06406
3.06406
2.78551
3.34261
3.34261
2.78551
3.34261
3.34261
2.78551
3.62116
3.34261
3.34261
3.06406
3.89971
3.34261
3.06406
3.34261
3.62116
3.06406
3.06406
3.34261
3.89971
3.34261
3.34261
3.34261
3.34261
3.34261
3.62116
3.34261
3.62116
3.89971
3.62116
3.34261
4.42563
1.94985
3.89971
3.62116
3.34261
3.34261
3.62116
3.34261
3.89971
3.89971
3.89971
4.17826
3.62116
4.17826
3.89971
3.89971
4.17826
3.62116
4.45681
3.62116
4.17826
3.89971
3.89971
3.89971
3.62116
3.89971
4.17826
3.89971
4.17826
4.17826
4.73536
3.85411
3.89971
4.17826
4.17826
4.45681
4.45681
5.01391
4.17826
3.89971
4.17826
4.17826
4.17826
4.73536
4.17826
4.45681
4.73536
4.73536
5.01391
4.42563
4.45681
4.73536
4.17826
5.01391
4.73536
5.29246
5.01391
5.01391
5.01391
5.01391
4.73536
5.29246
5.29246
4.79199
5.01391
4.73536
5.01391
5.01391
5.57101
4.73536
5.01391
5.29246
5.29246
5.84956
5.12904
5.01391
5.57101
5.29246
5.84956
5.84956
5.84956
5.57101
5.57101
5.36351
5.84956
5.29246
5.29246
5.57101
6.12811
6.12811
5.59798
5.84956
5.57101
6.40666
5.84956
5.57101
5.57101
5.80314
5.84956
5.84956
5.84956
5.84956
6.12811
5.94969
6.12811
5.57101
6.12811
5.57101
6.12811
6.12554
6.40666
5.84956
6.12811
6.12811
6.3307
6.40666
6.12811
6.40666
6.12811
6.46259
6.40666
6.40666
6.40666
6.59448
6.96377
6.68521
6.68521
6.72637
6.68521
6.68521
6.40666
6.82895
6.96377
6.96377
6.96377
6.99015
7.24232
6.96377
7.24232
7.07808
6.96377
7.24232
7.18066
6.40666
7.52087
7.52087
7.28324
6.96377
7.79942
7.41513
7.79942
6.68521
7.51771
7.79942
7.24232
7.60563
7.52087
8.07797
7.70821
7.75124
7.8108
7.92803
8.0013
8.08923
8.17716
8.26508
8.3237
8.42628
8.49955
8.60213
8.67541
8.76333
8.8366
8.92453
9.01246
9.07107
9.159
9.21762
9.3202
9.42278
9.45209
9.55467
9.61329
9.6719
9.74518
9.89172
9.96499
10.0383
10.1262
10.1702
10.3167
10.4339
10.4779
10.6098
10.6831
10.8296
10.8589
11.0348
11.108
11.2399
11.2692
11.4304
11.577
11.6356
11.7675
11.9287
12.0606
12.1778
12.3244
12.5002
12.5881
12.7054
12.8519
12.9691
13.101
13.3355
13.482
13.6286
13.7751
13.9363
14.1415
14.332
14.5225
14.7277
14.9475
15.1233
15.3138
15.5776
15.7828
16.1052
16.3543
16.5741
16.8819
17.2043
17.468
17.8051
18.2008
18.4645
18.8456
19.2559
19.6369
20.1205
20.6627
21.073
21.5566
22.1575
22.8169
23.3298
24.0479
24.7513
25.4987
26.4805
27.3158
28.1511
29.1916
30.3786
31.5802
32.8405
34.1594
35.6102
37.061
38.8488
40.7686
42.5271
44.9744
47.1872
49.5026
52.1257
54.4411
56.9617
59.409
61.7976
63.732
65.6371
67.2051
68.568
69.667
70.5903
71.4695
72.1729
72.7591
73.316
73.7703
74.1513
74.503
74.8254
75.0452
75.3236
75.6021
75.7633
75.9391
76.1296
76.2762
76.4667
76.5693
76.7012
76.7891
76.921
77.0236
77.0968
77.1994
77.302
77.3606
77.4192
77.5218
77.5658
77.6537
77.7123
77.727
77.8295
77.9321
77.9614
77.9907
78.0347
78.108
78.1373
78.1813
78.2252
78.2692
78.2985
78.3278
78.3425
78.3864
78.445
78.5037
78.489
78.533
78.5916
78.6209
78.6502
78.6502
78.7088
78.7088
78.7821
78.7821
78.7967
78.8407
78.87
78.8847
78.8993
78.914
78.9433
78.9872
78.9872
79.0166
79.0312
79.0605
79.1045
79.0898
79.1045
79.1484
79.1778
79.1778
79.1924
79.2217
79.2217
79.2071
79.251
79.2803
79.3243
79.295
79.3536
79.3536
79.4122
79.3683
79.3976
79.3976
79.3976
79.4708
79.4562
79.4415
79.4855
79.5002
79.5148
79.5002
79.5295
79.5588
79.5295
79.5588
79.5881
79.5881
79.6174
79.6027
79.6174
79.676
79.676
79.676
79.676
79.72
79.7346
79.7053
79.72
79.7493
79.7639
79.7639
79.7932
79.7786
79.8079
79.8079
79.8372
79.8225
79.8519
79.8519
79.8665
79.8958
79.8812
79.8665
79.9105
79.9105
79.9251
79.9398
79.9544
79.9251
79.9544
79.9398
79.9544
79.9544
79.9691
80.0131
80.0131
79.9984
80.0424
80.0277
80.0424
80.0424
80.057
80.057
80.057
80.101
80.0863
80.0863
80.1156
80.1303
80.1596
80.1156
80.1449
80.1156
80.1449
80.1596
80.1743
80.1889
80.1889
80.1743
80.1743
80.2182
80.2475
80.2329
80.2475
80.2475
80.2329
80.2622
80.2475
80.2768
80.2915
80.2915
80.2768
80.3208
80.3355
80.3355
80.3061
80.2915
80.3648
80.3355
80.3941
80.3794
80.3355
80.3794
80.3648
80.3648
80.3794
80.3648
80.3941
80.3941
80.3941
80.4087
80.4234
80.4234
80.4234
80.4527
80.4527
80.4527
80.482
80.482
80.482
80.482
80.482
80.4673
80.482
80.5113
80.482
80.5113
80.5406
80.4967
80.526
80.4967
80.5553
80.5553
80.5553
80.5406
80.5406
80.5699
80.5553
80.5553
80.5846
80.5846
80.5699
80.6139
80.6285
80.5992
80.5992
80.6139
80.6285
80.6285
80.6579
80.6579
80.6579
80.6432
80.6432
80.6579
80.6725
80.6579
80.6725
80.6725
80.6872
80.7018
80.6725
80.7018
80.6725
80.6872
80.7311
80.7018
80.7018
80.7018
80.7311
80.7458
80.7018
80.7165
80.7458
80.7458
80.7604
80.7604
80.7604
80.7751
80.7604
80.7311
80.7751
80.7751
80.8044
80.7897
80.8044
80.7751
80.819
80.8044
80.8044
80.7751
80.819
80.819
80.8337
80.7897
80.819
80.8337
80.8484
80.863
80.863
80.863
80.8923
80.8484
80.8923
80.8484
80.863
80.8923
80.907
80.907
80.8777
80.907
80.8923
80.9216
80.8923
80.8923
80.907
80.863
80.9363
80.907
80.9363
80.9216
80.2475
80.1156
80.057
80.0424
79.9984
79.9984
79.9837
80.0131
79.9691
80.0131
79.9691
79.9691
79.9544
79.9544
79.9398