-0.13197
-0.12689
-0.13149
-0.13149
-0.13609
-0.13149
-0.13609
-0.13609
-0.14069
-0.13965
-0.13609
-0.1453
-0.14069
-0.14069
-0.14069
-0.14069
-0.14503
-0.14069
-0.14069
-0.1453
-0.14069
-0.14069
-0.14069
-0.1458
-0.14069
-0.13609
-0.1453
-0.14069
-0.1453
-0.14657
-0.14069
-0.1499
-0.1499
-0.1499
-0.1499
-0.15272
-0.1545
-0.1545
-0.1545
-0.1591
-0.1581
-0.1591
-0.1545
-0.1499
-0.1591
-0.16041
-0.1545
-0.17291
-0.1591
-0.16425
-0.1591
-0.1591
-0.1591
-0.16425
-0.1591
-0.1591
-0.1591
-0.16194
-0.1591
-0.1591
-0.18211
-0.16348
-0.1591
-0.07626
-0.16371
-0.16732
-0.16831
-0.16831
-0.1704
-0.16831
-0.13609
-0.16831
-0.1727
-0.17291
-0.17291
-0.17655
-0.17291
-0.16831
-0.17655
-0.16831
-0.19132
-0.17501
-0.16831
-0.16831
-0.17501
-0.16831
-0.17655
-0.17732
-0.18039
-0.18347
-0.1827
-0.1827
-0.18347
-0.18423
-0.185
-0.185
-0.18654
-0.185
-0.18423
-0.185
-0.18654
-0.18808
-0.18808
-0.18885
-0.18808
-0.18885
-0.18808
-0.18808
-0.18885
-0.19038
-0.19192
-0.19115
-0.19038
-0.19115
-0.19115
-0.19038
-0.19115
-0.19115
-0.19115
-0.19192
-0.19192
-0.19115
-0.19115
-0.18961
-0.18961
-0.19038
-0.19115
-0.18961
-0.18885
-0.18885
-0.18808
-0.18808
-0.18577
-0.185
-0.18347
-0.18116
-0.17962
-0.17885
-0.17501
-0.17578
-0.17578
-0.1727
-0.17117
-0.17117
-0.16963
-0.16656
-0.16656
-0.16502
-0.16348
-0.16118
-0.15964
-0.15887
-0.15887
-0.15733
-0.15503
-0.15272
-0.15041
-0.14965
-0.14734
-0.14657
-0.14503
-0.14273
-0.13965
-0.13889
-0.13658
-0.13274
-0.12966
-0.12659
-0.12274
-0.11967
-0.11506
-0.11121
-0.10891
-0.1066
-0.10199
-0.09969
-0.09661
-0.09123
-0.08892
-0.08508
-0.0797
-0.07509
-0.07048
-0.06663
-0.06202
-0.05664
-0.0528
-0.04819
-0.04204
-0.03666
-0.03282
-0.02974
-0.0259
-0.02129
-0.01898
-0.01437
-0.01206
-0.00822
-0.00668
-0.00514
-0.00284
-0.00207
-5.33E-04
2.36E-04
2.36E-04
0.00177
0.00331
0.00331
0.00485
0.00562
0.00638
0.00485
0.00562
0.00638
0.00715
0.00869
0.00869
0.00792
0.00946
0.00946
0.00792
0.00946
0.01023
0.011
0.011
0.01023
0.011
0.01253
0.011
0.011
0.011
0.01176
0.01253
0.01176
0.01253
0.0133
0.0133
0.01253
0.01484
0.01407
0.01407
0.01484
0.0133
0.01484
0.01407
0.01407
0.01407
0.01561
0.01484
0.01561
0.01638
0.01484
0.01561
0.01638
0.01638
0.01638
0.01638
0.01638
0.01638
0.01484
0.01484
0.01638
0.01638
0.01715
0.01945
0.01638
0.01715
0.01791
0.01868
0.01715
0.01638
0.01791
0.01791
0.01791
0.01945
0.01791
0.01791
0.01868
0.01945
0.01945
0.01945
0.01791
0.01791
0.01945
0.02099
0.02099
0.01868
0.01945
0.02099
0.02099
0.01945
0.01945
0.02022
0.02099
0.02176
0.02099
0.02022
0.02099
0.02099
0.02099
0.02099
0.02176
0.02099
0.02176
0.02253
0.02176
0.02176
0.02329
0.02253
0.02099
0.02099
0.02253
0.02176
0.02253
0.02176
0.02329
0.02253
0.02253
0.02099
0.02253
0.02176
0.02176
0.02329
0.02253
0.02329
0.02253
0.02483
0.02406
0.02406
0.02406
0.02253
0.02406
0.02406
0.02406
0.02253
0.02406
0.02329
0.02483
0.02406
0.02406
0.02406
0.02483
0.02483
0.02483
0.02483
0.0256
0.0256
0.02406
0.02483
0.02483
0.02483
0.02406
0.02483
0.0256
0.02329
0.02637
0.02483
0.02637
0.02483
0.0256
0.02483
0.02483
0.0256
0.02637
0.02637
0.02483
0.02637
0.02637
0.02714
0.02714
0.0256
0.02637
0.02714
0.02714
0.02637
0.02791
0.02637
0.02714
0.02637
0.02714
0.02791
0.02714
0.02791
0.02791
0.02791
0.02714
0.02791
0.02714
0.02791
0.02714
0.02791
0.02791
0.02791
0.02867
0.02867
0.02867
0.02867
0.02791
0.02867
0.02944
0.02867
0.02944
0.02867
0.02867
0.02867
0.02944
0.03021
0.02791
0.02867
0.03021
0.03021
0.02944
0.02944
0.03021
0.03021
0.02867
0.02944
0.02944
0.02944
0.03175
0.03021
0.03021
0.03098
0.03098
0.03021
0.02867
0.02944
0.03021
0.03021
0.03098
0.03021
0.03098
0.03021
0.03021
0.03021
0.03098
0.03098
0.03098
0.03098
0.03021
0.03098
0.03175
0.03175
0.03175
0.03175
0.03098
0.03098
0.03021
0.03175
0.03175
0.03021
0.03098
0.03098
0.03175
0.03175
0.03329
0.03175
0.03252
0.03252
0.03175
0.03175
0.03252
0.03175
0.03175
0.03252
0.03329
0.03252
0.03329
0.03252
0.03252
0.03252
0.03252
0.03252
0.03252
0.03252
0.03252
0.03329
0.03329
0.03405
0.03329
0.03405
0.03482
0.03405
0.03329
0.03405
0.03482
0.03329
0.03405
0.03482
0.03405
0.03405
0.03405
0.03405
0.03482
0.03482
0.03482
0.03405
0.03482
0.03482
0.03482
0.03329
0.03482
0.03559
0.03405
0.03405
0.03482
0.03405
0.03482
0.03405
0.03482
0.03482
-0.03128
-0.03358
-0.03589
-0.03666
-0.0382
-0.03666
-0.03589
-0.0382
-0.03743
-0.03896
-0.03743
-0.0382
-0.0382
-0.0382
-0.03743