1.00E-04
1.02E-04
1.04E-04
1.07E-04
1.09E-04
1.12E-04
1.15E-04
1.17E-04
1.20E-04
1.20E-04
1.23E-04
1.26E-04
1.29E-04
1.32E-04
1.35E-04
1.38E-04
1.40E-04
1.41E-04
1.44E-04
1.48E-04
1.51E-04
1.55E-04
1.58E-04
1.60E-04
1.62E-04
1.66E-04
1.69E-04
1.73E-04
1.77E-04
1.80E-04
1.82E-04
1.86E-04
1.90E-04
1.95E-04
1.99E-04
2.00E-04
2.04E-04
2.08E-04
2.13E-04
2.18E-04
2.20E-04
2.23E-04
2.29E-04
2.34E-04
2.39E-04
2.40E-04
2.45E-04
2.51E-04
2.56E-04
2.60E-04
2.62E-04
2.69E-04
2.75E-04
2.80E-04
2.81E-04
2.88E-04
2.94E-04
3.00E-04
3.01E-04
3.08E-04
3.15E-04
3.20E-04
3.23E-04
3.30E-04
3.38E-04
3.40E-04
3.46E-04
3.54E-04
3.60E-04
3.62E-04
3.71E-04
3.79E-04
3.80E-04
3.88E-04
3.97E-04
4.00E-04
4.06E-04
4.16E-04
4.20E-04
4.26E-04
4.35E-04
4.40E-04
4.46E-04
4.56E-04
4.60E-04
4.67E-04
4.80E-04
5.00E-04
5.20E-04
5.40E-04
5.60E-04
5.80E-04
6.00E-04
6.20E-04
6.40E-04
6.60E-04
6.80E-04
7.00E-04
7.20E-04
7.40E-04
7.60E-04
7.80E-04
8.00E-04
8.20E-04
8.40E-04
8.60E-04
8.80E-04
9.00E-04
9.20E-04
9.40E-04
9.60E-04
1.00E-03
0.00102
0.00104
0.00106
0.00108
0.00112
0.00114
0.00116
0.0012
0.00122
0.00126
0.00128
0.00132
0.00134
0.00138
0.0014
0.00144
0.00148
0.0015
0.00154
0.00158
0.00162
0.00166
0.0017
0.00174
0.00178
0.00182
0.00186
0.0019
0.00194
0.00198
0.00204
0.00208
0.00214
0.00218
0.00224
0.00228
0.00234
0.0024
0.00246
0.0025
0.00256
0.00262
0.00268
0.00276
0.00282
0.00288
0.00294
0.00302
0.00308
0.00316
0.00324
0.0033
0.00338
0.00346
0.00354
0.00362
0.00372
0.0038
0.00388
0.00398
0.00408
0.00416
0.00426
0.00436
0.00446
0.00458
0.00468
0.00478
0.0049
0.00502
0.00514
0.00526
0.00538
0.0055
0.00562
0.00576
0.0059
0.00602
0.00618
0.00632
0.00646
0.00662
0.00676
0.00692
0.00708
0.00726
0.00742
0.0076
0.00778
0.00796
0.00814
0.00832
0.00852
0.00872
0.00892
0.00914
0.00934
0.00956
0.00978
0.01002
0.01024
0.01048
0.01074
0.01098
0.01124
0.0115
0.01176
0.01204
0.01232
0.0126
0.0129
0.0132
0.01352
0.01382
0.01414
0.01448
0.01482
0.01516
0.01552
0.01588
0.01624
0.01662
0.01702
0.0174
0.01782
0.01824
0.01866
0.01908
0.01954
0.01998
0.02046
0.02094
0.02142
0.02192
0.02244
0.02296
0.02348
0.02404
0.0246
0.02516
0.02576
0.02636
0.02696
0.0276
0.02824
0.0289
0.02958
0.03026
0.03096
0.03168
0.03242
0.03318
0.03396
0.03474
0.03556
0.03638
0.03724
0.0381
0.03898
0.0399
0.04082
0.04178
0.04274
0.04374
0.04476
0.0458
0.04688
0.04796
0.04908
0.05022
0.0514
0.0526
0.05382
0.05508
0.05636
0.05768
0.05902
0.06038
0.0618
0.06324
0.0647
0.06622
0.06776
0.06934
0.07096
0.0726
0.0743
0.07602
0.0778
0.07962
0.08146
0.08336
0.0853
0.0873
0.08932
0.0914
0.09354
0.09572
0.09794
0.10022
0.10256
0.10496
0.1074
0.1099
0.11246
0.11508
0.11776
0.1205
0.1233
0.12618
0.12912
0.13212
0.1352
0.13836
0.14158
0.14488
0.14826
0.1517
0.15524
0.15886
0.16256
0.16634
0.17022
0.17418
0.17824
0.1824
0.18664
0.19098
0.19544
0.19998
0.20464
0.20942
0.2143
0.21928
0.2244
0.22962
0.23496
0.24044
0.24604
0.25178
0.25764
0.26364
0.26978
0.27606
0.2825
0.28908
0.29582
0.3027
0.30976
0.31696
0.32436
0.3319
0.33964
0.34756
0.35564
0.36394
0.3724
0.38108
0.38996
0.39904
0.40834
0.41784
0.42758
0.43754
0.44774
0.45816
0.46884
0.47976
0.49094
0.50236
0.51406
0.52604
0.5383
0.55084
0.56366
0.5768
0.59024
0.60398
0.61804
0.63244
0.64718
0.66226
0.67768
0.69346
0.70962
0.72614
0.74306
0.76036
0.77808
0.7962
0.81476
0.83372
0.85314
0.87302
0.89336
0.91416
0.93546
0.95726
0.97954
1.00236
1.02572
1.0496
1.07406
1.09908
1.12468
1.15086
1.17768
1.2051
1.23318
1.2619
1.2913
1.32138
1.35216
1.38366
1.41588
1.44886
1.48262
1.51714
1.55248
1.58864
1.62566
1.66352
1.70226
1.74192
1.7825
1.82402
1.8665
1.90998
1.95446
1.99998
2.04658
2.09424
2.14302
2.19294
2.24402
2.2963
2.34978
2.40452
2.46052
2.51784
2.57648
2.6365
2.69792
2.76076
2.82506
2.89086
2.9582
3.02712
3.09762
3.16978
3.24362
3.31916
3.39648
3.4756
3.55654
3.6394
3.72416
3.81092
3.89968
3.99052
4.08346
4.17858
4.27592
4.37552
4.47744
4.58172
4.68844
4.79766
4.9094
5.02376
5.14078
5.26052
5.38306
5.50844
5.63676
5.76806
5.9024
6.0399
6.18058
6.32454
6.47186
6.62262
6.77688
6.93472
7.09626
7.26156
7.4307
7.60378
7.7809
7.96214
8.1476
8.33738
8.53158
8.7303
8.93366
9.14176
9.3547
9.5726
9.79556
10.0237
10.2572
10.4961
10.7406
10.9908
11.2468
11.5088
11.7769
12.0512
12.3319
12.6191
12.9131
13.2139
13.5216
13.8366